"Dark skin"	"CC Chart"	""	
380	5.469296E-2
390	6.106086E-2
400	6.489498E-2
410	6.588119E-2
420	6.554471E-2
430	6.599869E-2
440	6.581128E-2
450	6.556180E-2
460	6.560290E-2
470	6.574853E-2
480	6.567918E-2
490	6.660455E-2
500	6.886891E-2
510	7.463052E-2
520	8.218785E-2
530	8.578209E-2
540	8.746941E-2
550	9.009459E-2
560	9.543209E-2
570	1.065177E-1
580	1.222887E-1
590	1.385803E-1
600	1.482999E-1
610	1.524700E-1
620	1.585405E-1
630	1.700241E-1
640	1.848452E-1
650	1.984827E-1
660	2.078371E-1
670	2.078432E-1
680	1.988362E-1
690	1.903282E-1
700	1.910738E-1
710	2.005360E-1
720	2.129294E-1
730	2.288720E-1
"Light skin"	"CC Chart"	""	
380	9.820209E-2
390	1.320814E-1
400	1.684976E-1
410	1.860521E-1
420	1.910598E-1
430	1.952935E-1
440	2.017442E-1
450	2.122679E-1
460	2.319111E-1
470	2.632066E-1
480	3.023686E-1
490	3.346067E-1
500	3.528856E-1
510	3.522569E-1
520	3.207535E-1
530	2.774494E-1
540	2.612087E-1
550	2.690865E-1
560	2.716364E-1
570	2.825991E-1
580	3.332746E-1
590	4.159977E-1
600	4.879222E-1
610	5.332599E-1
620	5.603473E-1
630	5.801751E-1
640	6.004221E-1
650	6.220590E-1
660	6.490902E-1
670	6.796305E-1
680	7.149429E-1
690	7.514160E-1
700	7.893777E-1
710	8.229833E-1
720	8.486634E-1
730	8.697256E-1
"Blue sky"	"CC Chart"	""	
380	1.080151E-1
390	1.718102E-1
400	2.590062E-1
410	3.184285E-1
420	3.361312E-1
430	3.388908E-1
440	3.392921E-1
450	3.350042E-1
460	3.242747E-1
470	3.073370E-1
480	2.916584E-1
490	2.816769E-1
500	2.711846E-1
510	2.564300E-1
520	2.389097E-1
530	2.171475E-1
540	1.993306E-1
550	1.886589E-1
560	1.773199E-1
570	1.619924E-1
580	1.463890E-1
590	1.377523E-1
600	1.363422E-1
610	1.382397E-1
620	1.406629E-1
630	1.420544E-1
640	1.436003E-1
650	1.471919E-1
660	1.532900E-1
670	1.561815E-1
680	1.525722E-1
690	1.462026E-1
700	1.384206E-1
710	1.323322E-1
720	1.344958E-1
730	1.468226E-1
"Foliage"	"CC Chart"	""	
380	5.057765E-2
390	5.711684E-2
400	5.935127E-2
410	6.029445E-2
420	6.120344E-2
430	6.127346E-2
440	6.206073E-2
450	6.349932E-2
460	6.520818E-2
470	6.690519E-2
480	6.869767E-2
490	7.147516E-2
500	7.862368E-2
510	1.019593E-1
520	1.461619E-1
530	1.792089E-1
540	1.844944E-1
550	1.729170E-1
560	1.547347E-1
570	1.391725E-1
580	1.290978E-1
590	1.230970E-1
600	1.174883E-1
610	1.126619E-1
620	1.113832E-1
630	1.138853E-1
640	1.179973E-1
650	1.210663E-1
660	1.226432E-1
670	1.224482E-1
680	1.195609E-1
690	1.169790E-1
700	1.177840E-1
710	1.212131E-1
720	1.246281E-1
730	1.290992E-1
"Blue flower"	"CC Chart"	""	
380	1.214111E-1
390	2.004595E-1
400	3.230488E-1
410	4.169334E-1
420	4.477217E-1
430	4.488145E-1
440	4.425429E-1
450	4.319946E-1
460	4.147632E-1
470	3.904302E-1
480	3.651347E-1
490	3.407882E-1
500	3.149245E-1
510	2.897715E-1
520	2.645649E-1
530	2.391681E-1
540	2.231058E-1
550	2.160551E-1
560	2.079862E-1
570	1.987127E-1
580	1.933176E-1
590	1.972507E-1
600	2.100796E-1
610	2.268854E-1
620	2.441747E-1
630	2.663559E-1
640	2.968608E-1
650	3.302680E-1
660	3.569300E-1
670	3.633443E-1
680	3.489147E-1
690	3.343347E-1
700	3.358069E-1
710	3.512288E-1
720	3.716860E-1
730	3.978041E-1
"Bluish green"	"CC Chart"	""	
380	1.152842E-1
390	1.732516E-1
400	2.483353E-1
410	3.003452E-1
420	3.245697E-1
430	3.417546E-1
440	3.598604E-1
450	3.849701E-1
460	4.242890E-1
470	4.736112E-1
480	5.207400E-1
490	5.563782E-1
500	5.764338E-1
510	5.816584E-1
520	5.753124E-1
530	5.575473E-1
540	5.315241E-1
550	4.984232E-1
560	4.578088E-1
570	4.140553E-1
580	3.622338E-1
590	3.061695E-1
600	2.548006E-1
610	2.190717E-1
620	2.011317E-1
630	1.926011E-1
640	1.883316E-1
650	1.854631E-1
660	1.881344E-1
670	1.977061E-1
680	2.113467E-1
690	2.240872E-1
700	2.335874E-1
710	2.358126E-1
720	2.322087E-1
730	2.324683E-1
"Orange"	"CC Chart"	""	
380	5.262198E-2
390	5.279191E-2
400	5.411205E-2
410	5.513502E-2
420	5.560534E-2
430	5.585022E-2
440	5.635044E-2
450	5.680359E-2
460	5.765538E-2
470	5.849109E-2
480	6.006739E-2
490	6.269812E-2
500	6.946557E-2
510	9.030715E-2
520	1.294752E-1
530	1.627513E-1
540	1.822547E-1
550	2.043688E-1
560	2.472681E-1
570	3.268519E-1
580	4.349909E-1
590	5.411305E-1
600	6.009631E-1
610	6.156413E-1
620	6.147900E-1
630	6.124324E-1
640	6.120315E-1
650	6.114222E-1
660	6.186712E-1
670	6.348093E-1
680	6.558036E-1
690	6.741390E-1
700	6.888494E-1
710	6.949144E-1
720	6.941443E-1
730	6.976941E-1
"Purplish blue"	"CC Chart"	""	
380	1.006902E-1
390	1.673495E-1
400	2.529607E-1
410	3.170848E-1
420	3.561591E-1
430	3.881384E-1
440	4.174801E-1
450	4.330677E-1
460	4.275995E-1
470	3.997152E-1
480	3.518308E-1
490	2.926106E-1
500	2.347730E-1
510	1.852543E-1
520	1.439137E-1
530	1.159034E-1
540	1.014196E-1
550	9.272569E-2
560	8.490141E-2
570	8.021645E-2
580	7.941867E-2
590	8.120155E-2
600	8.266392E-2
610	8.308749E-2
620	8.380804E-2
630	8.782399E-2
640	9.759475E-2
650	1.132516E-1
660	1.348348E-1
670	1.607124E-1
680	1.915222E-1
690	2.267640E-1
700	2.713369E-1
710	3.228492E-1
720	3.734484E-1
730	4.237131E-1
"Moderate red"	"CC Chart"	""	
380	8.538407E-2
390	1.114895E-1
400	1.318812E-1
410	1.373855E-1
420	1.343959E-1
430	1.311372E-1
440	1.285806E-1
450	1.264330E-1
460	1.231733E-1
470	1.179914E-1
480	1.124404E-1
490	1.075692E-1
500	1.029360E-1
510	9.776328E-2
520	9.295404E-2
530	9.045185E-2
540	9.031001E-2
550	9.167164E-2
560	9.485685E-2
570	1.054316E-1
580	1.491617E-1
590	2.554466E-1
600	3.942709E-1
610	5.104824E-1
620	5.785749E-1
630	6.089935E-1
640	6.221029E-1
650	6.265922E-1
660	6.293655E-1
670	6.295272E-1
680	6.281529E-1
690	6.272427E-1
700	6.282222E-1
710	6.290427E-1
720	6.305978E-1
730	6.330671E-1
"Purple"	"CC Chart"	""	
380	8.641388E-2
390	1.253788E-1
400	1.686609E-1
410	1.889537E-1
420	1.873760E-1
430	1.751717E-1
440	1.590505E-1
450	1.413958E-1
460	1.224624E-1
470	1.043888E-1
480	8.937054E-2
490	7.741171E-2
500	6.767780E-2
510	6.128129E-2
520	5.709904E-2
530	5.290283E-2
540	5.030990E-2
550	5.031007E-2
560	5.125882E-2
570	5.094407E-2
580	4.938697E-2
590	5.018659E-2
600	5.698550E-2
610	7.358870E-2
620	9.894123E-2
630	1.269923E-1
640	1.541117E-1
650	1.835630E-1
660	2.190950E-1
670	2.634577E-1
680	3.215719E-1
690	3.900972E-1
700	4.683913E-1
710	5.473592E-1
720	6.156381E-1
730	6.735346E-1
"Yellow green"	"CC Chart"	""	
380	5.843858E-2
390	6.123877E-2
400	6.391907E-2
410	6.552693E-2
420	6.606965E-2
430	6.803232E-2
440	7.048025E-2
450	7.543702E-2
460	8.658717E-2
470	1.088731E-1
480	1.465046E-1
490	1.998084E-1
500	2.720476E-1
510	3.700215E-1
520	4.754398E-1
530	5.441946E-1
540	5.692189E-1
550	5.673485E-1
560	5.482888E-1
570	5.225944E-1
580	4.855537E-1
590	4.404197E-1
600	3.942233E-1
610	3.589775E-1
620	3.393061E-1
630	3.288208E-1
640	3.230373E-1
650	3.183936E-1
660	3.198414E-1
670	3.287685E-1
680	3.426117E-1
690	3.562083E-1
700	3.671696E-1
710	3.710914E-1
720	3.678313E-1
730	3.688356E-1
"Orange yellow"	"CC Chart"	""	
380	5.806408E-2
390	6.113348E-2
400	6.361146E-2
410	6.535275E-2
420	6.531691E-2
430	6.570104E-2
440	6.661800E-2
450	6.743062E-2
460	6.848777E-2
470	6.935121E-2
480	7.091194E-2
490	7.438930E-2
500	8.328924E-2
510	1.154509E-1
520	1.969188E-1
530	3.068989E-1
540	3.948986E-1
550	4.471129E-1
560	4.810107E-1
570	5.201429E-1
580	5.636431E-1
590	6.056502E-1
600	6.358052E-1
610	6.533101E-1
620	6.628456E-1
630	6.678874E-1
640	6.736642E-1
650	6.776777E-1
660	6.826835E-1
670	6.864180E-1
680	6.894465E-1
690	6.927913E-1
700	6.975157E-1
710	7.024152E-1
720	7.067074E-1
730	7.124851E-1
"Blue"	"CC Chart"	""	
380	7.277372E-2
390	1.152401E-1
400	1.695370E-1
410	2.156707E-1
420	2.479717E-1
430	2.780204E-1
440	3.083739E-1
450	3.276752E-1
460	3.231702E-1
470	2.950728E-1
480	2.486648E-1
490	1.944892E-1
500	1.457042E-1
510	1.077007E-1
520	7.798288E-2
530	5.991559E-2
540	5.181524E-2
550	4.684031E-2
560	4.232241E-2
570	4.016154E-2
580	4.005762E-2
590	4.064600E-2
600	4.065925E-2
610	4.031631E-2
620	4.080546E-2
630	4.309012E-2
640	4.864950E-2
650	5.718003E-2
660	6.659303E-2
670	7.058137E-2
680	6.655997E-2
690	6.173937E-2
700	6.175216E-2
710	6.672428E-2
720	7.509931E-2
730	8.912157E-2
"Green"	"CC Chart"	""	
380	5.046559E-2
390	5.257443E-2
400	5.403828E-2
410	5.574840E-2
420	5.703452E-2
430	5.895182E-2
440	6.233989E-2
450	6.812736E-2
460	7.924487E-2
470	9.974303E-2
480	1.321274E-1
490	1.759891E-1
500	2.324575E-1
510	2.957758E-1
520	3.419197E-1
530	3.538242E-1
540	3.435394E-1
550	3.216486E-1
560	2.928176E-1
570	2.601025E-1
580	2.188539E-1
590	1.730655E-1
600	1.342009E-1
610	1.104628E-1
620	9.972254E-2
630	9.504540E-2
640	9.287131E-2
650	9.158567E-2
660	9.347999E-2
670	9.952535E-2
680	1.089543E-1
690	1.191860E-1
700	1.278103E-1
710	1.310193E-1
720	1.293665E-1
730	1.309067E-1
"Red"	"CC Chart"	""	
380	4.758442E-2
390	4.852764E-2
400	4.977667E-2
410	4.991483E-2
420	4.992354E-2
430	4.980376E-2
440	5.008229E-2
450	5.004772E-2
460	4.975944E-2
470	4.894613E-2
480	4.814797E-2
490	4.828663E-2
500	4.949485E-2
510	5.313215E-2
520	5.709332E-2
530	5.826803E-2
540	5.783423E-2
550	5.722103E-2
560	5.823115E-2
570	6.403690E-2
580	7.812448E-2
590	1.176583E-1
600	2.059280E-1
610	3.393777E-1
620	4.734516E-1
630	5.650427E-1
640	6.110119E-1
650	6.310492E-1
660	6.414328E-1
670	6.463078E-1
680	6.483992E-1
690	6.505920E-1
700	6.542708E-1
710	6.574044E-1
720	6.608046E-1
730	6.652493E-1
"Yellow"	"CC Chart"	""	
380	5.668965E-2
390	5.846168E-2
400	5.785156E-2
410	5.815769E-2
420	5.844749E-2
430	5.909230E-2
440	6.051866E-2
450	6.319061E-2
460	6.883053E-2
470	7.934871E-2
480	9.946598E-2
490	1.369934E-1
500	2.052031E-1
510	3.169219E-1
520	4.601896E-1
530	5.794908E-1
540	6.479878E-1
550	6.833918E-1
560	7.028999E-1
570	7.211825E-1
580	7.328408E-1
590	7.425961E-1
600	7.503235E-1
610	7.563707E-1
620	7.617092E-1
630	7.648969E-1
640	7.703333E-1
650	7.736420E-1
660	7.776698E-1
670	7.799156E-1
680	7.806213E-1
690	7.817175E-1
700	7.847496E-1
710	7.882040E-1
720	7.915682E-1
730	7.967492E-1
"Magenta"	"CC Chart"	""	
380	1.086511E-1
390	1.802426E-1
400	2.840941E-1
410	3.558272E-1
420	3.744703E-1
430	3.654523E-1
440	3.459540E-1
450	3.216346E-1
460	2.924562E-1
470	2.617273E-1
480	2.295654E-1
490	2.002833E-1
500	1.774435E-1
510	1.589513E-1
520	1.355620E-1
530	1.128303E-1
540	1.049997E-1
550	1.094599E-1
560	1.124489E-1
570	1.190086E-1
580	1.471367E-1
590	2.032331E-1
600	2.842896E-1
610	3.990646E-1
620	5.344753E-1
630	6.548564E-1
640	7.379052E-1
650	7.876560E-1
660	8.174494E-1
670	8.335581E-1
680	8.416796E-1
690	8.465647E-1
700	8.524463E-1
710	8.571231E-1
720	8.616097E-1
730	8.673154E-1
"Cyan"	"CC Chart"	""	
380	8.981972E-2
390	1.365742E-1
400	1.971290E-1
410	2.457039E-1
420	2.717864E-1
430	2.961826E-1
440	3.280766E-1
450	3.620104E-1
460	3.982412E-1
470	4.333279E-1
480	4.514413E-1
490	4.507954E-1
500	4.325596E-1
510	3.975718E-1
520	3.479769E-1
530	2.918482E-1
540	2.386411E-1
550	1.913913E-1
560	1.513199E-1
570	1.223081E-1
580	1.031623E-1
590	9.118024E-2
600	8.253521E-2
610	7.636862E-2
620	7.362869E-2
630	7.238463E-2
640	7.233842E-2
650	7.324856E-2
660	7.537903E-2
670	7.679323E-2
680	7.624258E-2
690	7.483361E-2
700	7.282606E-2
710	7.154951E-2
720	7.361635E-2
730	7.945057E-2
"White"	"CC Chart"	""	
380	1.473822E-1
390	2.342171E-1
400	4.128408E-1
410	6.525845E-1
420	8.386294E-1
430	9.037622E-1
440	9.190859E-1
450	9.263890E-1
460	9.324798E-1
470	9.345887E-1
480	9.363235E-1
490	9.407960E-1
500	9.443181E-1
510	9.455354E-1
520	9.468536E-1
530	9.465135E-1
540	9.472861E-1
550	9.486461E-1
560	9.473836E-1
570	9.515983E-1
580	9.503444E-1
590	9.499109E-1
600	9.497499E-1
610	9.494362E-1
620	9.498177E-1
630	9.486985E-1
640	9.508040E-1
650	9.511724E-1
660	9.522143E-1
670	9.513494E-1
680	9.492846E-1
690	9.474670E-1
700	9.484602E-1
710	9.492776E-1
720	9.511747E-1
730	9.557424E-1
"Neutral 8"	"CC Chart"	""	
380	1.370818E-1
390	2.138132E-1
400	3.573040E-1
410	5.105302E-1
420	5.859509E-1
430	6.031525E-1
440	6.109941E-1
450	6.150280E-1
460	6.148338E-1
470	6.106145E-1
480	6.064651E-1
490	6.063103E-1
500	6.071687E-1
510	6.079925E-1
520	6.094178E-1
530	6.095630E-1
540	6.098868E-1
550	6.109462E-1
560	6.104267E-1
570	6.135848E-1
580	6.127706E-1
590	6.111606E-1
600	6.087932E-1
610	6.053570E-1
620	6.020527E-1
630	5.978236E-1
640	5.959551E-1
650	5.926400E-1
660	5.899984E-1
670	5.863256E-1
680	5.813223E-1
690	5.770528E-1
700	5.747225E-1
710	5.725138E-1
720	5.711707E-1
730	5.713503E-1
"Neutral 6.5"	"CC Chart"	""	
380	1.221811E-1
390	1.875927E-1
400	2.772092E-1
410	3.385991E-1
420	3.588692E-1
430	3.650630E-1
440	3.711856E-1
450	3.751043E-1
460	3.755315E-1
470	3.723472E-1
480	3.696117E-1
490	3.697939E-1
500	3.707287E-1
510	3.716082E-1
520	3.729521E-1
530	3.728742E-1
540	3.730815E-1
550	3.737058E-1
560	3.733849E-1
570	3.753063E-1
580	3.749035E-1
590	3.737604E-1
600	3.716361E-1
610	3.688527E-1
620	3.659367E-1
630	3.622809E-1
640	3.603601E-1
650	3.574493E-1
660	3.549998E-1
670	3.518839E-1
680	3.479811E-1
690	3.450634E-1
700	3.428819E-1
710	3.407007E-1
720	3.393942E-1
730	3.390235E-1
"Neutral 5"	"CC Chart"	""	
380	9.423193E-2
390	1.298271E-1
400	1.630253E-1
410	1.811660E-1
420	1.866508E-1
430	1.901438E-1
440	1.947320E-1
450	1.976195E-1
460	1.977766E-1
470	1.955770E-1
480	1.940052E-1
490	1.935956E-1
500	1.939258E-1
510	1.942770E-1
520	1.946283E-1
530	1.941716E-1
540	1.942381E-1
550	1.948773E-1
560	1.951229E-1
570	1.970486E-1
580	1.986613E-1
590	1.998811E-1
600	1.993337E-1
610	1.967147E-1
620	1.932953E-1
630	1.903220E-1
640	1.890090E-1
650	1.870167E-1
660	1.855234E-1
670	1.841864E-1
680	1.822248E-1
690	1.810633E-1
700	1.801098E-1
710	1.791043E-1
720	1.779145E-1
730	1.773948E-1
"Neutral 3.5"	"CC Chart"	""	
380	6.690931E-2
390	7.912132E-2
400	8.765783E-2
410	9.125099E-2
420	9.167565E-2
430	9.257071E-2
440	9.422293E-2
450	9.508397E-2
460	9.451818E-2
470	9.283257E-2
480	9.173115E-2
490	9.130375E-2
500	9.146387E-2
510	9.169558E-2
520	9.207755E-2
530	9.219044E-2
540	9.205730E-2
550	9.187132E-2
560	9.160586E-2
570	9.178447E-2
580	9.152967E-2
590	9.089647E-2
600	9.011528E-2
610	8.892877E-2
620	8.781956E-2
630	8.661642E-2
640	8.572128E-2
650	8.468123E-2
660	8.392885E-2
670	8.278748E-2
680	8.172224E-2
690	8.086856E-2
700	8.029509E-2
710	7.967311E-2
720	7.942107E-2
730	7.924098E-2
"Black"	"CC Chart"	""	
380	3.264476E-2
390	3.262316E-2
400	3.289076E-2
410	3.274772E-2
420	3.219036E-2
430	3.211796E-2
440	3.204926E-2
450	3.199355E-2
460	3.170470E-2
470	3.151548E-2
480	3.133496E-2
490	3.130174E-2
500	3.128996E-2
510	3.123470E-2
520	3.121416E-2
530	3.107795E-2
540	3.097688E-2
550	3.092364E-2
560	3.085892E-2
570	3.095522E-2
580	3.086364E-2
590	3.090320E-2
600	3.091333E-2
610	3.085803E-2
620	3.082581E-2
630	3.080041E-2
640	3.079907E-2
650	3.073987E-2
660	3.079128E-2
670	3.069876E-2
680	3.078739E-2
690	3.096936E-2
700	3.089955E-2
710	3.085941E-2
720	3.108791E-2
730	3.144539E-2